214783560 0
214783506 2
214783056 4
214703586 5
214083756 6
214780563 3
214073586 7
214730586 8
204713586 9
214803756 10
014283756 11
210784563 13
214573086 14
214736580 16
210734586 17
024713586 18
240713586 19
214853706 21
104283756 23
243710586 29
140283756 32
243716580 35
143280756 36
143286750 39
214708563 12
014273586 15
214830756 20
204813756 22
201784563 24
214573806 25
214736508 26
201734586 27
724013586 28
214853076 30
214853760 31
184203756 33
243701586 34
243716508 37
143208756 38
143286705 40
214768503 42
104273586 44
214836750 45
210834756 46
024813756 47
240813756 48
021784563 49
214503876 52
214736058 53
021734586 55
231704586 56
724103586 57
724513086 58
214053876 59
184023756 61
184253706 63
203741586 66
243716058 67
143028756 69
143258706 70
103248756 71
143206785 73
214768053 74
140273586 76
243810756 81
214036758 85
231740586 88
023741586 99
243016758 101
143026785 108
103246785 110
214068753 111
143270586 112
243816750 114
231746580 117
243106758 119
143276580 128
243156708 132
203146758 133
214783560 0
214783506 2
214783056 4
214703586 5
214083756 6
214780563 3
214073586 7
214730586 8
204713586 9
214803756 10
014283756 11
210784563 13
214573086 14
214736580 16
210734586 17
024713586 18
240713586 19
214853706 21
104283756 23
243710586 29
140283756 32
243716580 35
143280756 36
143286750 39
214708563 12
014273586 15
214830756 20
204813756 22
201784563 24
214573806 25
214736508 26
201734586 27
724013586 28
214853076 30
214853760 31
184203756 33
243701586 34
243716508 37
143208756 38
143286705 40
214768503 42
104273586 44
214836750 45
210834756 46
024813756 47
240813756 48
021784563 49
214503876 52
214736058 53
021734586 55
231704586 56
724103586 57
724513086 58
214053876 59
184023756 61
184253706 63
203741586 66
243716058 67
143028756 69
143258706 70
214783560 0
214783560 0
