123456780 0
123450786 3
120453786 5
123456708 2
123405786 4
102453786 6
123406758 8
123045786 9
123485706 10
012453786 12
123046758 14
123460758 15
123745086 17
123485760 20
412053786 21
123746058 22
123468750 24
120463758 25
123480765 27
412503786 28
412753086 29
123746508 30
120483765 34
412583706 36
123746580 39
412583760 43
123740586 44
123704586 46
120743586 47
123784506 49
123784560 53
123456078 7
103425786 11
152403786 13
103426758 16
023145786 18
123485076 19
023146758 23
123745806 26
123468705 31
102463758 32
123408765 33
412530786 35
402513786 37
412753806 38
123706548 40
102483765 41
412583076 42
412580763 45
123074586 48
103724586 50
102743586 51
123784056 52
123780564 54
013425786 56
152043786 58
152483706 60
013426758 61
203145786 63
203146758 65
123745860 66
012463758 69
123048765 71
042513786 75
420513786 76
412753860 77
412703856 78
123760548 80
012483765 82
412083576 84
013724586 89
012743586 91
142703586 92
120783564 95
413025786 96
152743086 97
152483760 100
413026758 101
123456780 0
123450786 3
120453786 5
123456708 2
123405786 4
102453786 6
123406758 8
123045786 9
123485706 10
012453786 12
123046758 14
123460758 15
123745086 17
123485760 20
412053786 21
123746058 22
123468750 24
120463758 25
123480765 27
412503786 28
412753086 29
123746508 30
120483765 34
412583706 36
123746580 39
412583760 43
123740586 44
123704586 46
120743586 47
123784506 49
123784560 53
123456078 7
103425786 11
152403786 13
103426758 16
023145786 18
123485076 19
023146758 23
123745806 26
123468705 31
102463758 32
123408765 33
412530786 35
402513786 37
412753806 38
123706548 40
102483765 41
412583076 42
412580763 45
123074586 48
103724586 50
102743586 51
123784056 52
123780564 54
013425786 56
152043786 58
152483706 60
013426758 61
203145786 63
203146758 65
