input -> 0 0 0 0 0 0 0 
Expected Output 1 1 1 1 
0 0 0 0 0 0 0 1 
0.875797 0.994301 0.998837 0.818515 0.999959 0.843207 0.00618578 1 
0.999999 1 0.999998 0.999999 1 



input -> 0 0 0 0 0 0 1 
Expected Output 1 1 1 1 
0 0 0 0 0 0 1 1 
0.997998 0.0490498 1 0.889071 0.999989 0.936931 0.0251232 1 
0.998804 0.997925 0.998212 0.997052 1 



input -> 0 0 0 0 0 1 0 
Expected Output 1 1 1 1 
0 0 0 0 0 1 0 1 
0.241058 0.999922 0.995909 0.883462 0.995264 0.937338 0.301669 1 
0.99999 1 1 1 1 



input -> 0 0 0 0 0 1 1 
Expected Output 1 1 1 1 
0 0 0 0 0 1 1 1 
0.957363 0.790974 0.999999 0.9309 0.998704 0.976371 0.641394 1 
0.999607 0.999991 0.999909 0.999861 1 



input -> 0 0 0 0 1 0 0 
Expected Output 1 1 1 1 
0 0 0 0 1 0 0 1 
0.973446 0.231714 0.421288 0.937441 0.999995 0.959062 0.000265987 1 
0.970479 0.9851 0.929421 0.993082 1 



input -> 0 0 0 0 1 0 1 
Expected Output 1 1 1 1 
0 0 0 0 1 0 1 1 
0.999614 8.91584e-05 0.999517 0.963806 0.999999 0.984782 0.00110036 1 
0.998257 0.995939 0.997525 0.995752 1 



input -> 0 0 0 0 1 1 0 
Expected Output 1 1 1 1 
0 0 0 0 1 1 0 1 
0.622823 0.956759 0.171008 0.961814 0.999382 0.984886 0.0181305 1 
0.998396 0.999918 0.99923 0.999979 1 



input -> 0 0 0 0 1 1 1 
Expected Output 1 1 1 1 
0 0 0 0 1 1 1 1 
0.991506 0.00649908 0.998298 0.978147 0.999831 0.994475 0.0710229 1 
0.997223 0.995384 0.997132 0.994439 1 



input -> 0 0 0 1 0 0 0 
Expected Output 1 1 1 1 
0 0 0 1 0 0 0 1 
0.494499 0.916245 0.986932 0.946478 0.999317 0.960199 0.000281315 1 
0.999997 0.999999 1 0.999999 1 



input -> 0 0 0 1 0 0 1 
Expected Output 1 1 1 1 
0 0 0 1 0 0 1 1 
0.985746 0.00322381 0.999995 0.96916 0.999814 0.985216 0.00116371 1 
0.99828 0.99606 0.997784 0.996042 1 



input -> 0 0 0 1 0 1 0 
Expected Output 1 1 1 1 
0 0 0 1 0 1 0 1 
0.0422045 0.998756 0.955359 0.967453 0.926626 0.985317 0.0191556 1 
0.999997 1 1 1 1 



input -> 0 0 0 1 0 1 1 
Expected Output 1 1 1 1 
0 0 0 1 0 1 1 1 
0.756989 0.191773 0.999984 0.98142 0.978863 0.994634 0.0748105 1 
0.999159 0.999204 0.999787 0.999362 1 



input -> 0 0 0 1 1 0 0 
Expected Output 0 0 0 1 
0 0 0 1 1 0 0 1 
0.83568 0.0185603 0.0601472 0.983265 0.999911 0.990574 1.20281e-05 1 
0.254845 0.502911 0.255169 0.90001 1 



input -> 0 0 0 1 1 0 1 
Expected Output 1 1 1 1 
0 0 0 1 1 0 1 1 
0.997226 5.59101e-06 0.994534 0.990513 0.999976 0.996567 4.97985e-05 1 
0.998093 0.995454 0.997398 0.995596 1 



input -> 0 0 0 1 1 1 0 
Expected Output 1 1 1 1 
0 0 0 1 1 1 0 1 
0.186385 0.581136 0.0178114 0.989976 0.989809 0.996591 0.000834103 1 
0.917536 0.995434 0.998223 0.999841 1 



input -> 0 0 0 1 1 1 1 
Expected Output 1 1 1 1 
0 0 0 1 1 1 1 1 
0.941842 0.000410013 0.980973 0.994334 0.9972 0.998763 0.00344445 1 
0.997763 0.995158 0.997913 0.99605 1 



input -> 0 0 1 0 0 0 0 
Expected Output 1 1 1 1 
0 0 1 0 0 0 0 1 
0.392796 0.997882 0.996804 0.842743 0.996459 0.932695 0.0484778 1 
0.999998 1 1 1 1 



input -> 0 0 1 0 0 0 1 
Expected Output 1 1 1 1 
0 0 1 0 0 0 1 1 
0.978601 0.122243 0.999999 0.904973 0.999032 0.974542 0.174196 1 
0.997922 0.998426 0.998371 0.996787 1 



input -> 0 0 1 0 0 1 0 
Expected Output 1 1 1 1 
0 0 1 0 0 1 0 1 
0.0283139 0.999971 0.988813 0.900078 0.708376 0.974713 0.779539 1 
0.999357 0.999995 1 0.999989 1 



input -> 0 0 1 0 0 1 1 
Expected Output 1 1 1 1 
0 0 1 0 0 1 1 1 
0.673194 0.910852 0.999996 0.941203 0.899065 0.990696 0.936061 1 
0.998277 0.999991 0.999972 0.999855 1 



input -> 0 0 1 0 1 0 0 
Expected Output 1 1 1 1 
0 0 1 0 1 0 0 1 
0.770804 0.448833 0.20906 0.946824 0.999538 0.983705 0.00217303 1 
0.962497 0.993131 0.967439 0.99848 1 



input -> 0 0 1 0 1 0 1 
Expected Output 1 1 1 1 
0 0 1 0 1 0 1 1 
0.995811 0.000240696 0.998671 0.969364 0.999874 0.994039 0.00893611 1 
0.99811 0.99574 0.997488 0.995603 1 



input -> 0 0 1 0 1 1 0 
Expected Output 1 1 1 1 
0 0 1 0 1 1 0 1 
0.131559 0.983537 0.06968 0.967667 0.949193 0.99408 0.131299 1 
0.991582 0.999868 0.999885 0.99999 1 



input -> 0 0 1 0 1 1 1 
Expected Output 1 1 1 1 
0 0 1 0 1 1 1 1 
0.914597 0.0173561 0.995326 0.981545 0.985613 0.997849 0.384914 1 
0.977658 0.992022 0.995295 0.981508 1 



input -> 0 0 1 1 0 0 0 
Expected Output 1 1 1 1 
0 0 1 1 0 0 0 1 
0.082353 0.967253 0.964816 0.954571 0.94417 0.984169 0.002298 1 
0.999997 1 1 1 1 



input -> 0 0 1 1 0 0 1 
Expected Output 1 1 1 1 
0 0 1 1 0 0 1 1 
0.863839 0.008657 0.999987 0.973918 0.98413 0.99421 0.00944634 1 
0.998074 0.996131 0.998923 0.99718 1 



input -> 0 0 1 1 0 1 0 
Expected Output 1 1 1 1 
0 0 1 1 0 1 0 1 
0.00402619 0.999539 0.88598 0.972466 0.12738 0.99425 0.137824 1 
0.99989 0.999826 0.999997 0.999969 1 



input -> 0 0 1 1 0 1 1 
Expected Output 1 1 1 1 
0 0 1 1 0 1 1 1 
0.222259 0.390488 0.999955 0.984317 0.348655 0.997911 0.398265 1 
0.989275 0.989954 0.999845 0.995487 1 



input -> 0 0 1 1 1 0 0 
Expected Output 0 1 1 1 
0 0 1 1 1 0 0 1 
0.318133 0.0485809 0.0227086 0.985879 0.99237 0.996321 9.84448e-05 1 
0.2079 0.621286 0.897904 0.983722 1 



input -> 0 0 1 1 1 0 1 
Expected Output 1 1 1 1 
0 0 1 1 1 0 1 1 
0.970573 1.50959e-05 0.985089 0.992004 0.997908 0.998665 0.000407469 1 
0.997901 0.995203 0.997595 0.995768 1 



input -> 0 0 1 1 1 1 0 
Expected Output 1 1 1 1 
0 0 1 1 1 1 0 1 
0.0205835 0.789299 0.00654131 0.99155 0.528906 0.998674 0.00678671 1 
0.92454 0.985803 0.997709 0.999673 1 



input -> 0 0 1 1 1 1 1 
Expected Output 1 1 1 1 
0 0 1 1 1 1 1 1 
0.597697 0.00110628 0.94929 0.995228 0.804573 0.99952 0.0275129 1 
0.993818 0.984185 0.999125 0.995172 1 



input -> 0 1 0 0 0 0 0 
Expected Output 1 1 1 1 
0 1 0 0 0 0 0 1 
0.979134 0.999949 0.945542 0.881414 0.999198 0.938173 0.0169706 1 
0.999998 0.999999 0.999994 0.999998 1 



input -> 0 1 0 0 0 0 1 
Expected Output 1 1 1 1 
0 1 0 0 0 0 1 1 
0.999699 0.851913 0.99998 0.929619 0.999781 0.976699 0.0667091 1 
0.999995 0.999998 0.999986 0.999993 1 



input -> 0 1 0 0 0 1 0 
Expected Output 1 1 1 1 
0 1 0 0 0 1 0 1 
0.678835 0.999999 0.831082 0.92589 0.914953 0.976856 0.545073 1 
0.999764 0.999996 0.99998 0.999979 1 



input -> 0 1 0 0 0 1 1 
Expected Output 1 1 1 1 
0 1 0 0 0 1 1 1 
0.993352 0.997636 0.999929 0.9569 0.975278 0.991496 0.832236 1 
0.999648 0.999997 0.999933 0.99991 1 



input -> 0 1 0 0 1 0 0 
Expected Output 1 1 1 1 
0 1 0 0 1 0 0 1 
0.995918 0.97113 0.0144993 0.961082 0.999896 0.985097 0.000737391 1 
0.996 0.99974 0.969656 0.999873 1 



input -> 0 1 0 0 1 0 1 
Expected Output 1 1 1 1 
0 1 0 0 1 0 1 1 
0.999942 0.00984698 0.976652 0.977721 0.999972 0.994553 0.003046 1 
0.997956 0.995475 0.997088 0.995551 1 



input -> 0 1 0 0 1 1 0 
Expected Output 1 1 1 1 
0 1 0 0 1 1 0 1 
0.916587 0.999595 0.00415176 0.976476 0.988059 0.994591 0.04872 1 
0.994675 0.999751 0.979155 0.999891 1 



input -> 0 1 0 0 1 1 1 
Expected Output 1 1 1 1 
0 1 0 0 1 1 1 1 
0.998714 0.421831 0.922197 0.986625 0.996715 0.998035 0.174951 1 
0.999479 0.999778 0.999388 0.999502 1 



input -> 0 1 0 1 0 0 0 
Expected Output 1 1 1 1 
0 1 0 1 0 0 0 1 
0.86684 0.999181 0.604175 0.966825 0.986825 0.985522 0.000779862 1 
0.999967 0.999995 0.999933 0.999994 1 



input -> 0 1 0 1 0 0 1 
Expected Output 1 1 1 1 
0 1 0 1 0 0 1 1 
0.997832 0.265095 0.99977 0.981057 0.996372 0.99471 0.00322101 1 
0.999725 0.999596 0.999517 0.999452 1 



input -> 0 1 0 1 0 1 0 
Expected Output 1 1 1 1 
0 1 0 1 0 1 0 1 
0.226742 0.999989 0.30193 0.979994 0.392657 0.994746 0.051384 1 
0.996987 0.998875 0.99957 0.999893 1 



input -> 0 1 0 1 0 1 1 
Expected Output 1 1 1 1 
0 1 0 1 0 1 1 1 
0.953979 0.963589 0.999187 0.988643 0.703331 0.998092 0.183188 1 
0.999987 0.999993 0.99996 0.999972 1 



input -> 0 1 0 1 1 0 0 
Expected Output 1 1 1 1 
0 1 0 1 1 0 0 1 
0.9713 0.678376 0.00129172 0.989778 0.998267 0.996639 3.33602e-05 1 
0.962122 0.995713 0.837482 0.998711 1 



input -> 0 1 0 1 1 0 1 
Expected Output 1 1 1 1 
0 1 0 1 1 0 1 1 
0.999582 0.000623192 0.786198 0.994222 0.999527 0.998781 0.000138108 1 
0.99001 0.983659 0.983677 0.98929 1 



input -> 0 1 0 1 1 1 0 
Expected Output 1 1 1 1 
0 1 0 1 1 1 0 1 
0.603874 0.993579 0.00036637 0.993893 0.832566 0.998789 0.00231004 1 
0.992833 0.99946 0.99408 0.999919 1 



input -> 0 1 0 1 1 1 1 
Expected Output 1 1 1 1 
0 1 0 1 1 1 1 1 
0.990806 0.043747 0.510285 0.996554 0.948009 0.999561 0.00949548 1 
0.924444 0.919226 0.843786 0.966387 1 



input -> 0 1 1 0 0 0 0 
Expected Output 1 1 1 1 
0 1 1 0 0 0 0 1 
0.811492 0.999981 0.863092 0.898288 0.935093 0.975063 0.123812 1 
0.99999 0.999998 0.999991 0.999996 1 



input -> 0 1 1 0 0 0 1 
Expected Output 1 1 1 1 
0 1 1 0 0 0 1 1 
0.996725 0.939514 0.999944 0.9401 0.981423 0.990827 0.36911 1 
0.999976 0.999998 0.999977 0.999984 1 



input -> 0 1 1 0 0 1 0 
Expected Output 1 1 1 1 
0 1 1 0 0 1 0 1 
0.162415 1 0.641114 0.936889 0.1106 0.990889 0.90747 1 
0.891333 0.995998 0.99909 0.99376 1 



input -> 0 1 1 0 0 1 1 
Expected Output 1 1 1 1 
0 1 1 0 0 1 1 1 
0.93201 0.999123 0.999803 0.963478 0.313188 0.996683 0.975965 1 
0.994578 0.9997 0.997349 0.991125 1 



input -> 0 1 1 0 1 0 0 
Expected Output 1 1 1 1 
0 1 1 0 1 0 0 1 
0.957228 0.98911 0.00531359 0.967044 0.991056 0.994163 0.00600396 1 
0.995855 0.99975 0.975378 0.999891 1 



input -> 0 1 1 0 1 0 1 
Expected Output 1 1 1 1 
0 1 1 0 1 0 1 1 
0.999368 0.0261496 0.938225 0.981184 0.997545 0.997879 0.0243984 1 
0.997111 0.994696 0.996015 0.994825 1 



input -> 0 1 1 0 1 1 0 
Expected Output 1 1 1 1 
0 1 1 0 1 1 0 1 
0.502015 0.99985 0.00151145 0.980128 0.488866 0.997894 0.295384 1 
0.892293 0.992235 0.955237 0.998215 1 



input -> 0 1 1 0 1 1 1 
Expected Output 1 1 1 1 
0 1 1 0 1 1 1 1 
0.986162 0.663294 0.811452 0.98872 0.778134 0.999237 0.63446 1 
0.991605 0.999489 0.995514 0.996163 1 



input -> 0 1 1 1 0 0 0 
Expected Output 1 1 1 1 
0 1 1 1 0 0 0 1 
0.373908 0.999697 0.356584 0.971933 0.464027 0.994331 0.00634784 1 
0.998863 0.99948 0.999587 0.999926 1 



input -> 0 1 1 1 0 0 1 
Expected Output 1 1 1 1 
0 1 1 1 0 0 1 1 
0.976862 0.493405 0.999366 0.98401 0.760464 0.99794 0.0257685 1 
0.999883 0.99974 0.999602 0.99959 1 



input -> 0 1 1 1 0 1 0 
Expected Output 1 1 1 1 
0 1 1 1 0 1 0 1 
0.0261963 0.999996 0.135728 0.98311 0.00741758 0.997955 0.30718 1 
0.843742 0.946551 0.991019 0.996123 1 



input -> 0 1 1 1 0 1 1 
Expected Output 1 1 1 1 
0 1 1 1 0 1 1 1 
0.655376 0.986198 0.997765 0.990425 0.0266725 0.999259 0.647357 1 
0.998353 0.998975 0.999156 0.995186 1 



input -> 0 1 1 1 1 0 0 
Expected Output 1 1 1 1 
0 1 1 1 1 0 0 1 
0.756381 0.850635 0.000469394 0.991383 0.869431 0.998693 0.000272998 1 
0.983041 0.998234 0.968518 0.999658 1 



input -> 0 1 1 1 1 0 1 
Expected Output 1 1 1 1 
0 1 1 1 1 0 1 1 
0.995465 0.00168087 0.571763 0.995133 0.960657 0.999526 0.00112934 1 
0.941751 0.926101 0.883771 0.967386 1 



input -> 0 1 1 1 1 1 0 
Expected Output 1 1 1 1 
0 1 1 1 1 1 0 1 
0.122694 0.997612 0.000133055 0.994856 0.0543526 0.99953 0.0185997 1 
0.933623 0.940411 0.981917 0.998059 1 



input -> 0 1 1 1 1 1 1 
Expected Output 0 0 0 0 
0 1 1 1 1 1 1 1 
0.908144 0.109942 0.274489 0.997099 0.174076 0.99983 0.0727592 1 
0.198657 0.0249347 0.0200972 0.122769 1 



input -> 1 0 0 0 0 0 0 
Expected Output 1 1 1 1 
1 0 0 0 0 0 0 1 
0.961128 0.926324 0.999964 0.902689 0.999845 0.939137 0.038617 1 
0.999998 0.999999 0.999994 0.999997 1 



input -> 1 0 0 0 0 0 1 
Expected Output 1 1 1 1 
1 0 0 0 0 0 1 1 
0.999428 0.00370337 1 0.942807 0.999958 0.977077 0.142595 1 
0.995849 0.995196 0.996353 0.992196 1 



input -> 1 0 0 0 0 1 0 
Expected Output 1 1 1 1 
1 0 0 0 0 1 0 1 
0.526904 0.998917 0.999874 0.939731 0.98239 0.977231 0.735995 1 
0.999803 0.999999 0.999998 0.99999 1 



input -> 1 0 0 0 0 1 1 
Expected Output 1 1 1 1 
1 0 0 0 0 1 1 1 
0.987458 0.214271 1 0.965167 0.995135 0.991636 0.920271 1 
0.852239 0.996529 0.989732 0.945161 1 



input -> 1 0 0 0 1 0 0 
Expected Output 1 1 1 1 
1 0 0 0 1 0 0 1 
0.99228 0.0212726 0.959514 0.968574 0.99998 0.985341 0.00171405 1 
0.997915 0.995688 0.997051 0.995824 1 



input -> 1 0 0 0 1 0 1 
Expected Output 1 1 1 1 
1 0 0 0 1 0 1 1 
0.99989 6.4258e-06 0.999985 0.982069 0.999995 0.994643 0.00705877 1 
0.998117 0.995636 0.997438 0.995547 1 



input -> 1 0 0 0 1 1 0 
Expected Output 1 1 1 1 
1 0 0 0 1 1 0 1 
0.852727 0.614578 0.870394 0.981063 0.997675 0.99468 0.106477 1 
0.999872 0.99996 0.999912 0.999943 1 



input -> 1 0 0 0 1 1 1 
Expected Output 1 1 1 1 
1 0 0 0 1 1 1 1 
0.997563 0.000471203 0.999948 0.989255 0.999365 0.998068 0.33038 1 
0.983792 0.991794 0.993153 0.980008 1 



input -> 1 0 0 1 0 0 0 
Expected Output 1 1 1 1 
1 0 0 1 0 0 0 1 
0.774273 0.440831 0.999593 0.973242 0.997432 0.985759 0.00181267 1 
0.99992 0.999937 0.999964 0.999941 1 



input -> 1 0 0 1 0 0 1 
Expected Output 1 1 1 1 
1 0 0 1 0 0 1 1 
0.995893 0.000233023 1 0.984764 0.999298 0.994797 0.00746261 1 
0.998102 0.995611 0.997492 0.995581 1 



input -> 1 0 0 1 0 1 0 
Expected Output 1 1 1 1 
1 0 0 1 0 1 0 1 
0.133831 0.983004 0.998567 0.983907 0.770242 0.994833 0.111927 1 
0.999992 0.999999 1 0.999999 1 



input -> 1 0 0 1 0 1 1 
Expected Output 1 1 1 1 
1 0 0 1 0 1 1 1 
0.916127 0.016812 0.999999 0.99088 0.924773 0.998123 0.342894 1 
0.980489 0.988941 0.994343 0.977893 1 



input -> 1 0 0 1 1 0 0 
Expected Output 1 1 1 1 
1 0 0 1 1 0 0 1 
0.946901 0.001361 0.675687 0.991793 0.999665 0.996695 7.76176e-05 1 
0.976193 0.970377 0.970252 0.986047 1 



input -> 1 0 0 1 1 0 1 
Expected Output 1 1 1 1 
1 0 0 1 1 0 1 1 
0.999207 4.02923e-07 0.999831 0.995365 0.999909 0.998801 0.000321285 1 
0.99815 0.995516 0.997469 0.995633 1 



input -> 1 0 0 1 1 1 0 
Expected Output 1 1 1 1 
1 0 0 1 1 1 0 1 
0.44545 0.0908964 0.371218 0.995101 0.962664 0.998809 0.00535848 1 
0.838724 0.934281 0.988707 0.994691 1 



input -> 1 0 0 1 1 1 1 
Expected Output 1 1 1 1 
1 0 0 1 1 1 1 1 
0.982695 2.95591e-05 0.999405 0.997237 0.989534 0.999569 0.0218188 1 
0.997781 0.995034 0.99742 0.99513 1 



input -> 1 0 1 0 0 0 0 
Expected Output 1 1 1 1 
1 0 1 0 0 0 0 1 
0.69403 0.971386 0.999902 0.916822 0.986791 0.975467 0.247435 1 
0.999992 0.999999 0.999998 0.999998 1 



input -> 1 0 1 0 0 0 1 
Expected Output 1 1 1 1 
1 0 1 0 0 0 1 1 
0.993802 0.00993673 1 0.951427 0.996363 0.990978 0.576504 1 
0.930343 0.988999 0.986844 0.944921 1 



input -> 1 0 1 0 0 1 0 
Expected Output 1 1 1 1 
1 0 1 0 0 1 0 1 
0.0927026 0.999599 0.999653 0.94879 0.39203 0.991039 0.958017 1 
0.995175 0.999929 0.999994 0.999765 1 



input -> 1 0 1 0 0 1 1 
Expected Output 1 1 1 1 
1 0 1 0 0 1 1 1 
0.87839 0.424067 1 0.970523 0.702782 0.996737 0.989526 1 
0.878922 0.996101 0.991653 0.939182 1 



input -> 1 0 1 0 1 0 0 
Expected Output 1 1 1 1 
1 0 1 0 1 0 0 1 
0.921829 0.0554324 0.895888 0.97342 0.998263 0.99426 0.0138593 1 
0.996934 0.995349 0.997243 0.996509 1 



input -> 1 0 1 0 1 0 1 
Expected Output 1 1 1 1 
1 0 1 0 1 0 1 1 
0.998802 1.73498e-05 0.999959 0.984867 0.999526 0.997914 0.0549891 1 
0.997383 0.995149 0.997035 0.994414 1 



input -> 1 0 1 0 1 1 0 
Expected Output 1 1 1 1 
1 0 1 0 1 1 0 1 
0.346912 0.811513 0.709165 0.984015 0.832199 0.997929 0.493774 1 
0.997348 0.99993 0.99997 0.999934 1 



input -> 1 0 1 0 1 1 1 
Expected Output 1 1 1 1 
1 0 1 0 1 1 1 1 
0.97406 0.00127125 0.999856 0.990941 0.947879 0.999249 0.801528 1 
0.695772 0.972806 0.967735 0.809554 1 



input -> 1 0 1 1 0 0 0 
Expected Output 1 1 1 1 
1 0 1 1 0 0 0 1 
0.23936 0.680372 0.998881 0.977385 0.817827 0.994425 0.0146465 1 
0.99997 0.999985 0.999999 0.999996 1 



input -> 1 0 1 1 0 0 1 
Expected Output 1 1 1 1 
1 0 1 1 0 0 1 1 
0.956982 0.000628925 1 0.987147 0.942733 0.997975 0.057975 1 
0.996865 0.993155 0.996906 0.993082 1 



input -> 1 0 1 1 0 1 0 
Expected Output 1 1 1 1 
1 0 1 1 0 1 0 1 
0.0139766 0.993637 0.996063 0.986421 0.0373045 0.997988 0.507784 1 
0.999273 0.999637 0.999993 0.999783 1 



input -> 1 0 1 1 0 1 1 
Expected Output 0 0 1 0 
1 0 1 1 0 1 1 1 
0.500513 0.0441319 0.999999 0.992313 0.124417 0.999271 0.810293 1 
0.223709 0.244122 0.903978 0.15472 1 



input -> 1 0 1 1 1 0 0 
Expected Output 1 1 1 1 
1 0 1 1 1 0 0 1 
0.620634 0.0036663 0.430676 0.993084 0.971853 0.998715 0.000634969 1 
0.832363 0.89406 0.966164 0.98582 1 



input -> 1 0 1 1 1 0 1 
Expected Output 1 1 1 1 
1 0 1 1 1 0 1 1 
0.991427 1.08791e-06 0.999535 0.996096 0.992164 0.999534 0.00262376 1 
0.99807 0.995269 0.997464 0.995486 1 



input -> 1 0 1 1 1 1 0 
Expected Output 0 0 1 1 
1 0 1 1 1 1 0 1 
0.0686341 0.212576 0.17652 0.995874 0.229605 0.999538 0.0422346 1 
0.209993 0.111479 0.865984 0.877387 1 



input -> 1 0 1 1 1 1 1 
Expected Output 1 1 1 1 
1 0 1 1 1 1 1 1 
0.838956 7.98072e-05 0.998362 0.997674 0.522192 0.999833 0.154389 1 
0.98084 0.8846 0.980459 0.907687 1 



input -> 1 1 0 0 0 0 0 
Expected Output 1 1 1 1 
1 1 0 0 0 0 0 1 
0.993959 0.999287 0.998234 0.938603 0.996987 0.977547 0.100242 1 
0.999998 0.999999 0.999994 0.999998 1 



input -> 1 1 0 0 0 0 1 
Expected Output 1 1 1 1 
1 1 0 0 0 0 1 1 
0.999914 0.293076 0.999999 0.964497 0.999176 0.991754 0.315667 1 
0.998274 0.999467 0.998957 0.998146 1 



input -> 1 1 0 0 0 1 0 
Expected Output 1 1 1 1 
1 1 0 0 0 1 0 1 
0.881115 0.99999 0.993796 0.962542 0.740655 0.99181 0.885482 1 
0.998994 0.999986 0.999858 0.999661 1 



input -> 1 1 0 0 0 1 1 
Expected Output 1 1 1 1 
1 1 0 0 0 1 1 1 
0.998095 0.968168 0.999998 0.97857 0.912834 0.99702 0.96971 1 
0.998668 0.999992 0.999819 0.999667 1 



input -> 1 1 0 0 1 0 0 
Expected Output 1 1 1 1 
1 1 0 0 1 0 0 1 
0.998832 0.707956 0.323858 0.980692 0.999607 0.994755 0.00473967 1 
0.997558 0.999544 0.988787 0.999711 1 



input -> 1 1 0 0 1 0 1 
Expected Output 1 1 1 1 
1 1 0 0 1 0 1 1 
0.999983 0.000716175 0.999266 0.989043 0.999893 0.998095 0.019336 1 
0.997924 0.995435 0.997314 0.995256 1 



input -> 1 1 0 0 1 1 0 
Expected Output 1 1 1 1 
1 1 0 0 1 1 0 1 
0.974703 0.994409 0.119506 0.988423 0.956456 0.998108 0.248412 1 
0.990919 0.999746 0.974585 0.999729 1 



input -> 1 1 0 0 1 1 1 
Expected Output 1 1 1 1 
1 1 0 0 1 1 1 1 
0.999633 0.0499526 0.997415 0.993452 0.987737 0.999314 0.577783 1 
0.940353 0.990665 0.988139 0.953767 1 



input -> 1 1 0 1 0 0 0 
Expected Output 1 1 1 1 
1 1 0 1 0 0 0 1 
0.958029 0.988755 0.980273 0.983591 0.952114 0.994906 0.0050115 1 
0.999998 0.999999 0.999994 0.999998 1 



input -> 1 1 0 1 0 0 1 
Expected Output 1 1 1 1 
1 1 0 1 0 0 1 1 
0.999381 0.025337 0.999993 0.990699 0.98647 0.99815 0.0204278 1 
0.998191 0.995995 0.997536 0.995745 1 



input -> 1 1 0 1 0 1 0 
Expected Output 1 1 1 1 
1 1 0 1 0 1 0 1 
0.506951 0.999845 0.933691 0.990172 0.146483 0.998163 0.259022 1 
0.999858 0.999753 0.999921 0.999747 1 



input -> 1 1 0 1 0 1 1 
Expected Output 1 1 1 1 
1 1 0 1 0 1 1 1 
0.986429 0.656019 0.999975 0.994446 0.386254 0.999334 0.591391 1 
0.995762 0.997761 0.993169 0.982742 1 



input -> 1 1 0 1 1 0 0 
Expected Output 0 1 0 0 
1 1 0 1 1 0 0 1 
0.991644 0.131946 0.0404058 0.995004 0.993503 0.998826 0.00021525 1 
0.397784 0.66259 0.16582 0.916005 1 



input -> 1 1 0 1 1 0 1 
Expected Output 1 1 1 1 
1 1 0 1 1 0 1 1 
0.999881 4.49368e-05 0.991716 0.997182 0.99822 0.999575 0.000890606 1 
0.998004 0.995201 0.997236 0.995403 1 



input -> 1 1 0 1 1 1 0 
Expected Output 1 1 1 1 
1 1 0 1 1 1 0 1 
0.842406 0.917706 0.0117911 0.997022 0.568963 0.999578 0.0147223 1 
0.977164 0.99234 0.841633 0.998149 1 



input -> 1 1 0 1 1 1 1 
Expected Output 1 1 1 1 
1 1 0 1 1 1 1 1 
0.997361 0.00328606 0.971366 0.998322 0.828778 0.999847 0.0582618 1 
0.994737 0.981812 0.990379 0.981903 1 



input -> 1 1 1 0 0 0 0 
Expected Output 1 1 1 1 
1 1 1 0 0 0 0 1 
0.937867 0.999736 0.995151 0.947822 0.792719 0.991165 0.476967 1 
0.999945 0.999995 0.999957 0.999957 1 



input -> 1 1 1 0 0 0 1 
Expected Output 1 1 1 1 
1 1 1 0 0 0 1 1 
0.999064 0.528166 0.999998 0.969952 0.933439 0.996784 0.790606 1 
0.99103 0.999751 0.998523 0.995938 1 



input -> 1 1 1 0 0 1 0 
Expected Output 1 1 1 1 
1 1 1 0 0 1 0 1 
0.404737 0.999996 0.983096 0.968287 0.0319559 0.996806 0.984446 1 
0.984061 0.998663 0.99955 0.991494 1 



input -> 1 1 1 0 0 1 1 
Expected Output 1 1 1 1 
1 1 1 0 0 1 1 1 
0.979619 0.98797 0.999994 0.981904 0.107979 0.998841 0.996198 1 
0.988321 0.998496 0.987104 0.955112 1 



input -> 1 1 1 0 1 0 0 
Expected Output 1 1 1 1 
1 1 1 0 1 0 0 1 
0.987417 0.867467 0.148147 0.983701 0.96712 0.997958 0.0375179 1 
0.995711 0.99958 0.976527 0.999763 1 



input -> 1 1 1 0 1 0 1 
Expected Output 1 1 1 1 
1 1 1 0 1 0 1 1 
0.99982 0.00193136 0.997982 0.990762 0.990814 0.99926 0.138964 1 
0.995269 0.993901 0.995907 0.991255 1 



input -> 1 1 1 0 1 1 0 
Expected Output 0 1 0 1 
1 1 1 0 1 1 0 1 
0.779485 0.997922 0.046966 0.990239 0.202484 0.999265 0.730121 1 
0.244704 0.886846 0.211167 0.839229 1 



input -> 1 1 1 0 1 1 1 
Expected Output 0 1 1 0 
1 1 1 0 1 1 1 1 
0.996014 0.124317 0.992913 0.994484 0.482139 0.999734 0.918041 1 
0.413222 0.779147 0.738243 0.238968 1 



input -> 1 1 1 1 0 0 0 
Expected Output 1 1 1 1 
1 1 1 1 0 0 0 1 
0.676802 0.995806 0.947486 0.986154 0.186876 0.998017 0.0395948 1 
0.999974 0.999861 0.99991 0.999874 1 



input -> 1 1 1 1 0 0 1 
Expected Output 1 1 1 1 
1 1 1 1 0 0 1 1 
0.99329 0.0655861 0.999981 0.992161 0.457336 0.999281 0.145806 1 
0.987378 0.889011 0.952137 0.868663 1 



input -> 1 1 1 1 0 1 0 
Expected Output 1 1 1 1 
1 1 1 1 0 1 0 1 
0.0861964 0.999943 0.836404 0.991716 0.00197985 0.999286 0.741021 1 
0.987456 0.998036 0.999888 0.998025 1 



input -> 1 1 1 1 0 1 1 
Expected Output 1 1 1 1 
1 1 1 1 0 1 1 1 
0.869592 0.837382 0.999931 0.995322 0.00722192 0.999741 0.92216 1 
0.971379 0.990744 0.977762 0.87766 1 



input -> 1 1 1 1 1 0 0 
Expected Output 1 0 0 1 
1 1 1 1 1 0 0 1 
0.915873 0.290989 0.0150583 0.995792 0.63868 0.999544 0.00175916 1 
0.390605 0.410531 0.0911494 0.829483 1 



input -> 1 1 1 1 1 0 1 
Expected Output 1 1 1 1 
1 1 1 1 1 0 1 1 
0.998702 0.000121323 0.977511 0.997628 0.866343 0.999835 0.00724352 1 
0.996693 0.987229 0.993466 0.988631 1 



input -> 1 1 1 1 1 1 0 
Expected Output 1 1 1 1 
1 1 1 1 1 1 0 1 
0.329034 0.967856 0.00431358 0.997492 0.0150283 0.999836 0.108978 1 
0.859605 0.866319 0.878537 0.990078 1 



input -> 1 1 1 1 1 1 1 
Expected Output 1 0 0 0 
1 1 1 1 1 1 1 1 
0.971963 0.00882323 0.924908 0.998587 0.052985 0.999941 0.336163 1 
0.730345 0.122179 0.330475 0.096725 1