input -> 0 0 0 0 0 
Expected Output 1 
0 0 0 0 0 1 
0.000689844 0.193135 0.60135 0.877931 1 
0.982956 1 



input -> 0 0 0 0 1 
Expected Output 0 
0 0 0 0 1 1 
0.0959312 0.975344 0.996032 0.921532 1 
0.00983731 1 



input -> 0 0 0 1 0 
Expected Output 0 
0 0 0 1 0 1 
5.68419e-06 0.985375 0.868216 0.999941 1 
0.0261497 1 



input -> 0 0 0 1 1 
Expected Output 0 
0 0 0 1 1 1 
0.00087297 0.99991 0.999089 0.999964 1 
0.00700009 1 



input -> 0 0 1 0 0 
Expected Output 1 
0 0 1 0 0 1 
0.000603791 0.177635 0.610384 0.896055 1 
0.986387 1 



input -> 0 0 1 0 1 
Expected Output 0 
0 0 1 0 1 1 
0.0849747 0.97275 0.996178 0.933671 1 
0.0102201 1 



input -> 0 0 1 1 0 
Expected Output 0 
0 0 1 1 0 1 
4.9747e-06 0.983818 0.872485 0.999951 1 
0.0254624 1 



input -> 0 0 1 1 1 
Expected Output 0 
0 0 1 1 1 1 
0.00076409 0.9999 0.999122 0.99997 1 
0.00699148 1 



input -> 0 1 0 0 0 
Expected Output 0 
0 1 0 0 0 1 
0.0359178 0.928953 0.0239544 0.0465288 1 
0.00832071 1 



input -> 0 1 0 0 1 
Expected Output 0 
0 1 0 0 1 1 
0.851338 0.999537 0.80329 0.0738035 1 
0.0119656 1 



input -> 0 1 0 1 0 
Expected Output 1 
0 1 0 1 0 1 
0.000306678 0.999728 0.0968112 0.991357 1 
0.968301 1 



input -> 0 1 0 1 1 
Expected Output 0 
0 1 0 1 1 1 
0.045031 0.999998 0.946908 0.994689 1 
0.0164806 1 



input -> 0 1 1 0 0 
Expected Output 0 
0 1 1 0 0 1 
0.0315761 0.921869 0.0248551 0.0552591 1 
0.00916216 1 



input -> 0 1 1 0 1 
Expected Output 0 
0 1 1 0 1 1 
0.833663 0.999487 0.8092 0.0871834 1 
0.0109583 1 



input -> 0 1 1 1 0 
Expected Output 1 
0 1 1 1 0 1 
0.000268409 0.999699 0.10017 0.992779 1 
0.967778 1 



input -> 0 1 1 1 1 
Expected Output 0 
0 1 1 1 1 1 
0.0396331 0.999998 0.948778 0.995565 1 
0.0155171 1 



input -> 1 0 0 0 0 
Expected Output 0 
1 0 0 0 0 1 
0.104683 0.972539 0.996064 0.909224 1 
0.0096469 1 



input -> 1 0 0 0 1 
Expected Output 1 
1 0 0 0 1 1 
0.947292 0.999829 0.999976 0.942381 1 
0.97565 1 



input -> 1 0 0 1 0 
Expected Output 0 
1 0 0 1 0 1 
0.000961835 0.9999 0.999096 0.999958 1 
0.00700579 1 



input -> 1 0 0 1 1 
Expected Output 0 
1 0 0 1 1 1 
0.128911 0.999999 0.999995 0.999974 1 
0.023836 1 



input -> 1 0 1 0 0 
Expected Output 0 
1 0 1 0 0 1 
0.0928294 0.969659 0.99621 0.923109 1 
0.0101389 1 



input -> 1 0 1 0 1 
Expected Output 1 
1 0 1 0 1 1 
0.940224 0.999811 0.999977 0.951465 1 
0.976245 1 



input -> 1 0 1 1 0 
Expected Output 0 
1 0 1 1 0 1 
0.000841881 0.999889 0.99913 0.999965 1 
0.00699657 1 



input -> 1 0 1 1 1 
Expected Output 0 
1 0 1 1 1 1 
0.114665 0.999999 0.999995 0.999978 1 
0.0208031 1 



input -> 1 1 0 0 0 
Expected Output 0 
1 1 0 0 0 1 
0.863205 0.999483 0.804593 0.0636361 1 
0.01195 1 



input -> 1 1 0 0 1 
Expected Output 0 
1 1 0 0 1 1 
0.99897 0.999997 0.998543 0.0998884 1 
0.0106023 1 



input -> 1 1 0 1 0 
Expected Output 0 
1 1 0 1 0 1 
0.0493928 0.999998 0.947322 0.993779 1 
0.0169623 1 



input -> 1 1 0 1 1 
Expected Output 1 
1 1 0 1 1 1 
0.888725 1 0.999666 0.996181 1 
0.97535 1 



input -> 1 1 1 0 0 
Expected Output 0 
1 1 1 0 0 1 
0.846686 0.999427 0.810473 0.0753226 1 
0.0108799 1 



input -> 1 1 1 0 1 
Expected Output 0 
1 1 1 0 1 1 
0.998823 0.999997 0.998597 0.117398 1 
0.0126641 1 



input -> 1 1 1 1 0 
Expected Output 0 
1 1 1 1 0 1 
0.0434958 0.999998 0.949178 0.994804 1 
0.015921 1 



input -> 1 1 1 1 1 
Expected Output 1 
1 1 1 1 1 1 
0.874841 1 0.999678 0.996812 1 
0.972043 1