input -> 0 0 0 0 0 
Expected Output 1 
0 0 0 0 0 1 
0.460954 0.322166 0.305701 0.507539 1 
0.788438 1 



input -> 0 0 0 0 1 
Expected Output 0 
0 0 0 0 1 1 
0.595343 0.929341 0.438518 0.895693 1 
0.175579 1 



input -> 0 0 0 1 0 
Expected Output 0 
0 0 0 1 0 1 
0.621889 0.926075 0.407795 0.890927 1 
0.173809 1 



input -> 0 0 0 1 1 
Expected Output 0 
0 0 0 1 1 1 
0.738884 0.997124 0.549842 0.985519 1 
0.188758 1 



input -> 0 0 1 0 0 
Expected Output 1 
0 0 1 0 0 1 
0.494903 0.291093 0.259305 0.527139 1 
0.794196 1 



input -> 0 0 1 0 1 
Expected Output 0 
0 0 1 0 1 1 
0.627665 0.919114 0.383087 0.902803 1 
0.166822 1 



input -> 0 0 1 1 0 
Expected Output 0 
0 0 1 1 0 1 
0.653325 0.915418 0.3538 0.898325 1 
0.165633 1 



input -> 0 0 1 1 1 
Expected Output 0 
0 0 1 1 1 1 
0.764279 0.996672 0.492686 0.986598 1 
0.172348 1 



input -> 0 1 0 0 0 
Expected Output 0 
0 1 0 0 0 1 
0.532394 0.929357 0.480165 0.894784 1 
0.175831 1 



input -> 0 1 0 0 1 
Expected Output 0 
0 1 0 0 1 1 
0.662031 0.997261 0.620987 0.986084 1 
0.197184 1 



input -> 0 1 0 1 0 
Expected Output 1 
0 1 0 1 0 1 
0.686506 0.997124 0.590934 0.98538 1 
0.191529 1 



input -> 0 1 0 1 1 
Expected Output 0 
0 1 0 1 1 1 
0.79025 0.999896 0.719291 0.998222 1 
0.281639 1 



input -> 0 1 1 0 0 
Expected Output 0 
0 1 1 0 0 1 
0.566079 0.919131 0.42344 0.90195 1 
0.166898 1 



input -> 0 1 1 0 1 
Expected Output 0 
0 1 1 0 1 1 
0.691783 0.996831 0.56573 0.987121 1 
0.18215 1 



input -> 0 1 1 1 0 
Expected Output 1 
0 1 1 1 0 1 
0.715031 0.996673 0.534579 0.986469 1 
0.176068 1 



input -> 0 1 1 1 1 
Expected Output 0 
0 1 1 1 1 1 
0.811922 0.999879 0.670767 0.998356 1 
0.262991 1 



input -> 1 0 0 0 0 
Expected Output 0 
1 0 0 0 0 1 
0.563102 0.92859 0.454412 0.895807 1 
0.17388 1 



input -> 1 0 0 0 1 
Expected Output 1 
1 0 0 0 1 1 
0.689196 0.997229 0.596345 0.986233 1 
0.194273 1 



input -> 1 0 0 1 0 
Expected Output 0 
1 0 0 1 0 1 
0.712558 0.997091 0.565704 0.985537 1 
0.188125 1 



input -> 1 0 0 1 1 
Expected Output 0 
1 0 0 1 1 1 
0.810066 0.999895 0.697931 0.998242 1 
0.277067 1 



input -> 1 0 1 0 0 
Expected Output 0 
1 0 1 0 0 1 
0.596252 0.918264 0.398397 0.90291 1 
0.16524 1 



input -> 1 0 1 0 1 
Expected Output 1 
1 0 1 0 1 1 
0.717577 0.996794 0.540156 0.987259 1 
0.178675 1 



input -> 1 0 1 1 0 
Expected Output 0 
1 0 1 1 0 1 
0.739611 0.996634 0.508763 0.986614 1 
0.172274 1 



input -> 1 0 1 1 1 
Expected Output 0 
1 0 1 1 1 1 
0.83013 0.999878 0.647525 0.998374 1 
0.257065 1 



input -> 1 1 0 0 0 
Expected Output 0 
1 1 0 0 0 1 
0.631817 0.997229 0.636002 0.9861 1 
0.195049 1 



input -> 1 1 0 0 1 
Expected Output 0 
1 1 0 0 1 1 
0.74699 0.9999 0.756055 0.998311 1 
0.286154 1 



input -> 1 1 0 1 0 
Expected Output 0 
1 1 0 1 0 1 
0.767473 0.999895 0.732092 0.998225 1 
0.280382 1 



input -> 1 1 0 1 1 
Expected Output 1 
1 1 0 1 1 1 
0.850267 0.999996 0.828975 0.999787 1 
0.370654 1 



input -> 1 1 1 0 0 
Expected Output 0 
1 1 1 0 0 1 
0.662875 0.996794 0.581459 0.987136 1 
0.180786 1 



input -> 1 1 1 0 1 
Expected Output 0 
1 1 1 0 1 1 
0.771841 0.999884 0.711337 0.998438 1 
0.270512 1 



input -> 1 1 1 1 0 
Expected Output 0 
1 1 1 1 0 1 
0.790875 0.999878 0.684812 0.998358 1 
0.263058 1 



input -> 1 1 1 1 1 
Expected Output 1 
1 1 1 1 1 1 
0.866783 0.999996 0.793981 0.999803 1 
0.355356 1 
